http://tieba.baidu.com/p/1558064215
http://www.bilibili.com/video/av4263082/

214 45 56 41 214 45 564
214 45 56 41 214 454 214 45 56 432 3434
正曲~
134 145 56#66 545 434
134 145 56#66 545 #664
#6 456 #6 456
542344114 4#66545 13454 间奏 (5)145 542 456[1]56 4145 54254[1]6
(5)145 542 456[1]56 432 3 4 3 4 (6)256 6 5 3 567[2]67 5256 6 5365[2]7
(6)256 6 5 3 567[2]67 5 #4 3 #4 5#45
(6)256 6 5 3 567[2]67 5256 6 5365[2]7
(6)256 6 5 3 567[2]67 5 #4 3 #4 5#45
55 #6 6 5 4 5
55 #6 [1] [2] [2] [1] [#2] [2]
55 #6 6 5 4 5
5 [1] [2] [1] [1] [#2] [2] [1] [1] #6 [1] (6)256 6 5 3 567[2]67 5256 6 5365[2]7
(6)256 6 5 3 567[2]67 5 #4 3 #4 5#45
(6)256 6 5 3 567[2]67 5256 6 5365[2]7
(6)256 6 5 3 567[2]67 5 #4 3 #4 5#45
尾
(6)256 6 5 3 567[2]67 5256 6 5365[2]7
(6)256 6 5 3 567[2]67 5 #4 3 #4 5#45